   SYN1001,    -7.177941,   -11.436701,     0.000000 
   SYN1002,    -6.494378,   -11.442076,     0.000000 
   SYN1003,    -5.810799,   -11.446915,     0.000000 
   SYN1004,    -5.127207,   -11.451217,     0.000000 
   SYN1005,    -4.443603,   -11.454982,     0.000000 
   SYN1006,    -3.759989,   -11.458210,     0.000000 
   SYN1007,    -3.076367,   -11.460901,     0.000000 
   SYN1008,    -2.392737,   -11.463054,     0.000000 
   SYN1009,    -1.709102,   -11.464668,     0.000000 
   SYN1010,    -1.025463,   -11.465745,     0.000000 
   SYN1011,    -0.341821,   -11.466283,     0.000000 
   SYN1012,     0.341821,   -11.466283,     0.000000 
   SYN1013,     1.025463,   -11.465745,     0.000000 
   SYN1014,     1.709102,   -11.464668,     0.000000 
   SYN1015,     2.392737,   -11.463054,     0.000000 
   SYN1016,     3.076367,   -11.460901,     0.000000 
   SYN1017,     3.759989,   -11.458210,     0.000000 
   SYN1018,     4.443603,   -11.454982,     0.000000 
   SYN1019,     5.127207,   -11.451217,     0.000000 
   SYN1020,     5.810799,   -11.446915,     0.000000 
   SYN1021,     6.494378,   -11.442076,     0.000000 
   SYN1022,     7.177941,   -11.436701,     0.000000 
   SYN1023,    -7.166848,   -10.764005,     0.000000 
   SYN1024,    -6.484335,   -10.769055,     0.000000 
   SYN1025,    -5.801808,   -10.773601,     0.000000 
   SYN1026,    -5.119270,   -10.777642,     0.000000 
   SYN1027,    -4.436722,   -10.781180,     0.000000 
   SYN1028,    -3.754165,   -10.784212,     0.000000 
   SYN1029,    -3.071600,   -10.786740,     0.000000 
   SYN1030,    -2.389028,   -10.788762,     0.000000 
   SYN1031,    -1.706452,   -10.790279,     0.000000 
   SYN1032,    -1.023873,   -10.791290,     0.000000 
   SYN1033,    -0.341291,   -10.791796,     0.000000 
   SYN1034,     0.341291,   -10.791796,     0.000000 
   SYN1035,     1.023873,   -10.791290,     0.000000 
   SYN1036,     1.706452,   -10.790279,     0.000000 
   SYN1037,     2.389028,   -10.788762,     0.000000 
   SYN1038,     3.071600,   -10.786740,     0.000000 
   SYN1039,     3.754165,   -10.784212,     0.000000 
   SYN1040,     4.436722,   -10.781180,     0.000000 
   SYN1041,     5.119270,   -10.777642,     0.000000 
   SYN1042,     5.801808,   -10.773601,     0.000000 
   SYN1043,     6.484335,   -10.769055,     0.000000 
   SYN1044,     7.166848,   -10.764005,     0.000000 
   SYN1045,    -7.156464,   -10.091300,     0.000000 
   SYN1046,    -6.474934,   -10.096026,     0.000000 
   SYN1047,    -5.793393,   -10.100280,     0.000000 
   SYN1048,    -5.111841,   -10.104063,     0.000000 
   SYN1049,    -4.430281,   -10.107373,     0.000000 
   SYN1050,    -3.748712,   -10.110212,     0.000000 
   SYN1051,    -3.067137,   -10.112577,     0.000000 
   SYN1052,    -2.385557,   -10.114470,     0.000000 
   SYN1053,    -1.703972,   -10.115889,     0.000000 
   SYN1054,    -1.022385,   -10.116836,     0.000000 
   SYN1055,    -0.340795,   -10.117309,     0.000000 
   SYN1056,     0.340795,   -10.117309,     0.000000 
   SYN1057,     1.022385,   -10.116836,     0.000000 
   SYN1058,     1.703972,   -10.115889,     0.000000 
   SYN1059,     2.385557,   -10.114470,     0.000000 
   SYN1060,     3.067137,   -10.112577,     0.000000 
   SYN1061,     3.748712,   -10.110212,     0.000000 
   SYN1062,     4.430281,   -10.107373,     0.000000 
   SYN1063,     5.111841,   -10.104063,     0.000000 
   SYN1064,     5.793393,   -10.100280,     0.000000 
   SYN1065,     6.474934,   -10.096026,     0.000000 
   SYN1066,     7.156464,   -10.091300,     0.000000 
   SYN1067,    -7.146782,    -9.418586,     0.000000 
   SYN1068,    -6.466169,    -9.422990,     0.000000 
   SYN1069,    -5.785546,    -9.426954,     0.000000 
   SYN1070,    -5.104915,    -9.430479,     0.000000 
   SYN1071,    -4.424275,    -9.433564,     0.000000 
   SYN1072,    -3.743629,    -9.436208,     0.000000 
   SYN1073,    -3.062977,    -9.438412,     0.000000 
   SYN1074,    -2.382321,    -9.440176,     0.000000 
   SYN1075,    -1.701660,    -9.441499,     0.000000 
   SYN1076,    -1.020997,    -9.442381,     0.000000 
   SYN1077,    -0.340333,    -9.442822,     0.000000 
   SYN1078,     0.340333,    -9.442822,     0.000000 
   SYN1079,     1.020997,    -9.442381,     0.000000 
   SYN1080,     1.701660,    -9.441499,     0.000000 
   SYN1081,     2.382321,    -9.440176,     0.000000 
   SYN1082,     3.062977,    -9.438412,     0.000000 
   SYN1083,     3.743629,    -9.436208,     0.000000 
   SYN1084,     4.424275,    -9.433564,     0.000000 
   SYN1085,     5.104915,    -9.430479,     0.000000 
   SYN1086,     5.785546,    -9.426954,     0.000000 
   SYN1087,     6.466169,    -9.422990,     0.000000 
   SYN1088,     7.146782,    -9.418586,     0.000000 
   SYN1089,    -7.137796,    -8.745864,     0.000000 
   SYN1090,    -6.458034,    -8.749947,     0.000000 
   SYN1091,    -5.778264,    -8.753623,     0.000000 
   SYN1092,    -5.098486,    -8.756891,     0.000000 
   SYN1093,    -4.418702,    -8.759751,     0.000000 
   SYN1094,    -3.738911,    -8.762203,     0.000000 
   SYN1095,    -3.059116,    -8.764246,     0.000000 
   SYN1096,    -2.379317,    -8.765882,     0.000000 
   SYN1097,    -1.699514,    -8.767108,     0.000000 
   SYN1098,    -1.019709,    -8.767926,     0.000000 
   SYN1099,    -0.339903,    -8.768335,     0.000000 
   SYN1100,     0.339903,    -8.768335,     0.000000 
   SYN1101,     1.019709,    -8.767926,     0.000000 
   SYN1102,     1.699514,    -8.767108,     0.000000 
   SYN1103,     2.379317,    -8.765882,     0.000000 
   SYN1104,     3.059116,    -8.764246,     0.000000 
   SYN1105,     3.738911,    -8.762203,     0.000000 
   SYN1106,     4.418702,    -8.759751,     0.000000 
   SYN1107,     5.098486,    -8.756891,     0.000000 
   SYN1108,     5.778264,    -8.753623,     0.000000 
   SYN1109,     6.458034,    -8.749947,     0.000000 
   SYN1110,     7.137796,    -8.745864,     0.000000 
   SYN1111,    -7.129500,    -8.073134,     0.000000 
   SYN1112,    -6.450524,    -8.076898,     0.000000 
   SYN1113,    -5.771541,    -8.080286,     0.000000 
   SYN1114,    -5.092551,    -8.083298,     0.000000 
   SYN1115,    -4.413556,    -8.085935,     0.000000 
   SYN1116,    -3.734556,    -8.088195,     0.000000 
   SYN1117,    -3.055551,    -8.090079,     0.000000 
   SYN1118,    -2.376543,    -8.091586,     0.000000 
   SYN1119,    -1.697533,    -8.092717,     0.000000 
   SYN1120,    -1.018521,    -8.093470,     0.000000 
   SYN1121,    -0.339507,    -8.093847,     0.000000 
   SYN1122,     0.339507,    -8.093847,     0.000000 
   SYN1123,     1.018521,    -8.093470,     0.000000 
   SYN1124,     1.697533,    -8.092717,     0.000000 
   SYN1125,     2.376543,    -8.091586,     0.000000 
   SYN1126,     3.055551,    -8.090079,     0.000000 
   SYN1127,     3.734556,    -8.088195,     0.000000 
   SYN1128,     4.413556,    -8.085935,     0.000000 
   SYN1129,     5.092551,    -8.083298,     0.000000 
   SYN1130,     5.771541,    -8.080286,     0.000000 
   SYN1131,     6.450524,    -8.076898,     0.000000 
   SYN1132,     7.129500,    -8.073134,     0.000000 
   SYN1133,    -7.121887,    -7.400397,     0.000000 
   SYN1134,    -6.443632,    -7.403843,     0.000000 
   SYN1135,    -5.765372,    -7.406945,     0.000000 
   SYN1136,    -5.087105,    -7.409703,     0.000000 
   SYN1137,    -4.408834,    -7.412116,     0.000000 
   SYN1138,    -3.730559,    -7.414186,     0.000000 
   SYN1139,    -3.052281,    -7.415910,     0.000000 
   SYN1140,    -2.373999,    -7.417290,     0.000000 
   SYN1141,    -1.695715,    -7.418325,     0.000000 
   SYN1142,    -1.017430,    -7.419015,     0.000000 
   SYN1143,    -0.339143,    -7.419360,     0.000000 
   SYN1144,     0.339143,    -7.419360,     0.000000 
   SYN1145,     1.017430,    -7.419015,     0.000000 
   SYN1146,     1.695715,    -7.418325,     0.000000 
   SYN1147,     2.373999,    -7.417290,     0.000000 
   SYN1148,     3.052281,    -7.415910,     0.000000 
   SYN1149,     3.730559,    -7.414186,     0.000000 
   SYN1150,     4.408834,    -7.412116,     0.000000 
   SYN1151,     5.087105,    -7.409703,     0.000000 
   SYN1152,     5.765372,    -7.406945,     0.000000 
   SYN1153,     6.443632,    -7.403843,     0.000000 
   SYN1154,     7.121887,    -7.400397,     0.000000 
   SYN1155,    -7.114954,    -6.727654,     0.000000 
   SYN1156,    -6.437356,    -6.730783,     0.000000 
   SYN1157,    -5.759753,    -6.733599,     0.000000 
   SYN1158,    -5.082145,    -6.736104,     0.000000 
   SYN1159,    -4.404534,    -6.738295,     0.000000 
   SYN1160,    -3.726919,    -6.740174,     0.000000 
   SYN1161,    -3.049301,    -6.741740,     0.000000 
   SYN1162,    -2.371681,    -6.742993,     0.000000 
   SYN1163,    -1.694059,    -6.743933,     0.000000 
   SYN1164,    -1.016436,    -6.744560,     0.000000 
   SYN1165,    -0.338812,    -6.744873,     0.000000 
   SYN1166,     0.338812,    -6.744873,     0.000000 
   SYN1167,     1.016436,    -6.744560,     0.000000 
   SYN1168,     1.694059,    -6.743933,     0.000000 
   SYN1169,     2.371681,    -6.742993,     0.000000 
   SYN1170,     3.049301,    -6.741740,     0.000000 
   SYN1171,     3.726919,    -6.740174,     0.000000 
   SYN1172,     4.404534,    -6.738295,     0.000000 
   SYN1173,     5.082145,    -6.736104,     0.000000 
   SYN1174,     5.759753,    -6.733599,     0.000000 
   SYN1175,     6.437356,    -6.730783,     0.000000 
   SYN1176,     7.114954,    -6.727654,     0.000000 
   SYN1177,    -7.108695,    -6.054905,     0.000000 
   SYN1178,    -6.431690,    -6.057718,     0.000000 
   SYN1179,    -5.754680,    -6.060250,     0.000000 
   SYN1180,    -5.077668,    -6.062502,     0.000000 
   SYN1181,    -4.400652,    -6.064472,     0.000000 
   SYN1182,    -3.723633,    -6.066161,     0.000000 
   SYN1183,    -3.046612,    -6.067569,     0.000000 
   SYN1184,    -2.369589,    -6.068696,     0.000000 
   SYN1185,    -1.692565,    -6.069541,     0.000000 
   SYN1186,    -1.015539,    -6.070104,     0.000000 
   SYN1187,    -0.338513,    -6.070386,     0.000000 
   SYN1188,     0.338513,    -6.070386,     0.000000 
   SYN1189,     1.015539,    -6.070104,     0.000000 
   SYN1190,     1.692565,    -6.069541,     0.000000 
   SYN1191,     2.369589,    -6.068696,     0.000000 
   SYN1192,     3.046612,    -6.067569,     0.000000 
   SYN1193,     3.723633,    -6.066161,     0.000000 
   SYN1194,     4.400652,    -6.064472,     0.000000 
   SYN1195,     5.077668,    -6.062502,     0.000000 
   SYN1196,     5.754680,    -6.060250,     0.000000 
   SYN1197,     6.431690,    -6.057718,     0.000000 
   SYN1198,     7.108695,    -6.054905,     0.000000 
   SYN1199,    -7.103105,    -5.382151,     0.000000 
   SYN1200,    -6.426630,    -5.384649,     0.000000 
   SYN1201,    -5.750151,    -5.386898,     0.000000 
   SYN1202,    -5.073669,    -5.388897,     0.000000 
   SYN1203,    -4.397185,    -5.390647,     0.000000 
   SYN1204,    -3.720699,    -5.392147,     0.000000 
   SYN1205,    -3.044211,    -5.393397,     0.000000 
   SYN1206,    -2.367721,    -5.394398,     0.000000 
   SYN1207,    -1.691230,    -5.395148,     0.000000 
   SYN1208,    -1.014738,    -5.395648,     0.000000 
   SYN1209,    -0.338246,    -5.395898,     0.000000 
   SYN1210,     0.338246,    -5.395898,     0.000000 
   SYN1211,     1.014738,    -5.395648,     0.000000 
   SYN1212,     1.691230,    -5.395148,     0.000000 
   SYN1213,     2.367721,    -5.394398,     0.000000 
   SYN1214,     3.044211,    -5.393397,     0.000000 
   SYN1215,     3.720699,    -5.392147,     0.000000 
   SYN1216,     4.397185,    -5.390647,     0.000000 
   SYN1217,     5.073669,    -5.388897,     0.000000 
   SYN1218,     5.750151,    -5.386898,     0.000000 
   SYN1219,     6.426630,    -5.384649,     0.000000 
   SYN1220,     7.103105,    -5.382151,     0.000000 
   SYN1221,    -7.098183,    -4.709392,     0.000000 
   SYN1222,    -6.422173,    -4.711576,     0.000000 
   SYN1223,    -5.746161,    -4.713542,     0.000000 
   SYN1224,    -5.070148,    -4.715290,     0.000000 
   SYN1225,    -4.394132,    -4.716820,     0.000000 
   SYN1226,    -3.718114,    -4.718131,     0.000000 
   SYN1227,    -3.042095,    -4.719224,     0.000000 
   SYN1228,    -2.366075,    -4.720099,     0.000000 
   SYN1229,    -1.690055,    -4.720755,     0.000000 
   SYN1230,    -1.014033,    -4.721192,     0.000000 
   SYN1231,    -0.338011,    -4.721411,     0.000000 
   SYN1232,     0.338011,    -4.721411,     0.000000 
   SYN1233,     1.014033,    -4.721192,     0.000000 
   SYN1234,     1.690055,    -4.720755,     0.000000 
   SYN1235,     2.366075,    -4.720099,     0.000000 
   SYN1236,     3.042095,    -4.719224,     0.000000 
   SYN1237,     3.718114,    -4.718131,     0.000000 
   SYN1238,     4.394132,    -4.716820,     0.000000 
   SYN1239,     5.070148,    -4.715290,     0.000000 
   SYN1240,     5.746161,    -4.713542,     0.000000 
   SYN1241,     6.422173,    -4.711576,     0.000000 
   SYN1242,     7.098183,    -4.709392,     0.000000 
   SYN1243,    -7.093923,    -4.036629,     0.000000 
   SYN1244,    -6.418317,    -4.038500,     0.000000 
   SYN1245,    -5.742709,    -4.040184,     0.000000 
   SYN1246,    -5.067100,    -4.041681,     0.000000 
   SYN1247,    -4.391490,    -4.042991,     0.000000 
   SYN1248,    -3.715878,    -4.044115,     0.000000 
   SYN1249,    -3.040265,    -4.045051,     0.000000 
   SYN1250,    -2.364652,    -4.045800,     0.000000 
   SYN1251,    -1.689037,    -4.046362,     0.000000 
   SYN1252,    -1.013423,    -4.046736,     0.000000 
   SYN1253,    -0.337808,    -4.046924,     0.000000 
   SYN1254,     0.337808,    -4.046924,     0.000000 
   SYN1255,     1.013423,    -4.046736,     0.000000 
   SYN1256,     1.689037,    -4.046362,     0.000000 
   SYN1257,     2.364652,    -4.045800,     0.000000 
   SYN1258,     3.040265,    -4.045051,     0.000000 
   SYN1259,     3.715878,    -4.044115,     0.000000 
   SYN1260,     4.391490,    -4.042991,     0.000000 
   SYN1261,     5.067100,    -4.041681,     0.000000 
   SYN1262,     5.742709,    -4.040184,     0.000000 
   SYN1263,     6.418317,    -4.038500,     0.000000 
   SYN1264,     7.093923,    -4.036629,     0.000000 
   SYN1265,    -7.090323,    -3.363863,     0.000000 
   SYN1266,    -6.415058,    -3.365421,     0.000000 
   SYN1267,    -5.739792,    -3.366823,     0.000000 
   SYN1268,    -5.064525,    -3.368070,     0.000000 
   SYN1269,    -4.389257,    -3.369161,     0.000000 
   SYN1270,    -3.713988,    -3.370097,     0.000000 
   SYN1271,    -3.038719,    -3.370877,     0.000000 
   SYN1272,    -2.363448,    -3.371501,     0.000000 
   SYN1273,    -1.688178,    -3.371969,     0.000000 
   SYN1274,    -1.012907,    -3.372281,     0.000000 
   SYN1275,    -0.337636,    -3.372437,     0.000000 
   SYN1276,     0.337636,    -3.372437,     0.000000 
   SYN1277,     1.012907,    -3.372281,     0.000000 
   SYN1278,     1.688178,    -3.371969,     0.000000 
   SYN1279,     2.363448,    -3.371501,     0.000000 
   SYN1280,     3.038719,    -3.370877,     0.000000 
   SYN1281,     3.713988,    -3.370097,     0.000000 
   SYN1282,     4.389257,    -3.369161,     0.000000 
   SYN1283,     5.064525,    -3.368070,     0.000000 
   SYN1284,     5.739792,    -3.366823,     0.000000 
   SYN1285,     6.415058,    -3.365421,     0.000000 
   SYN1286,     7.090323,    -3.363863,     0.000000 
   SYN1287,    -7.087381,    -2.691094,     0.000000 
   SYN1288,    -6.412395,    -2.692339,     0.000000 
   SYN1289,    -5.737408,    -2.693461,     0.000000 
   SYN1290,    -5.062420,    -2.694458,     0.000000 
   SYN1291,    -4.387432,    -2.695330,     0.000000 
   SYN1292,    -3.712444,    -2.696079,     0.000000 
   SYN1293,    -3.037454,    -2.696702,     0.000000 
   SYN1294,    -2.362465,    -2.697201,     0.000000 
   SYN1295,    -1.687475,    -2.697575,     0.000000 
   SYN1296,    -1.012485,    -2.697824,     0.000000 
   SYN1297,    -0.337495,    -2.697949,     0.000000 
   SYN1298,     0.337495,    -2.697949,     0.000000 
   SYN1299,     1.012485,    -2.697824,     0.000000 
   SYN1300,     1.687475,    -2.697575,     0.000000 
   SYN1301,     2.362465,    -2.697201,     0.000000 
   SYN1302,     3.037454,    -2.696702,     0.000000 
   SYN1303,     3.712444,    -2.696079,     0.000000 
   SYN1304,     4.387432,    -2.695330,     0.000000 
   SYN1305,     5.062420,    -2.694458,     0.000000 
   SYN1306,     5.737408,    -2.693461,     0.000000 
   SYN1307,     6.412395,    -2.692339,     0.000000 
   SYN1308,     7.087381,    -2.691094,     0.000000 
   SYN1309,    -7.085095,    -2.018322,     0.000000 
   SYN1310,    -6.410325,    -2.019256,     0.000000 
   SYN1311,    -5.735555,    -2.020097,     0.000000 
   SYN1312,    -5.060785,    -2.020844,     0.000000 
   SYN1313,    -4.386014,    -2.021499,     0.000000 
   SYN1314,    -3.711243,    -2.022059,     0.000000 
   SYN1315,    -3.036472,    -2.022527,     0.000000 
   SYN1316,    -2.361701,    -2.022901,     0.000000 
   SYN1317,    -1.686929,    -2.023181,     0.000000 
   SYN1318,    -1.012158,    -2.023368,     0.000000 
   SYN1319,    -0.337386,    -2.023462,     0.000000 
   SYN1320,     0.337386,    -2.023462,     0.000000 
   SYN1321,     1.012158,    -2.023368,     0.000000 
   SYN1322,     1.686929,    -2.023181,     0.000000 
   SYN1323,     2.361701,    -2.022901,     0.000000 
   SYN1324,     3.036472,    -2.022527,     0.000000 
   SYN1325,     3.711243,    -2.022059,     0.000000 
   SYN1326,     4.386014,    -2.021499,     0.000000 
   SYN1327,     5.060785,    -2.020844,     0.000000 
   SYN1328,     5.735555,    -2.020097,     0.000000 
   SYN1329,     6.410325,    -2.019256,     0.000000 
   SYN1330,     7.085095,    -2.018322,     0.000000 
   SYN1331,    -7.083463,    -1.345549,     0.000000 
   SYN1332,    -6.408848,    -1.346172,     0.000000 
   SYN1333,    -5.734233,    -1.346732,     0.000000 
   SYN1334,    -5.059618,    -1.347230,     0.000000 
   SYN1335,    -4.385002,    -1.347666,     0.000000 
   SYN1336,    -3.710387,    -1.348040,     0.000000 
   SYN1337,    -3.035771,    -1.348351,     0.000000 
   SYN1338,    -2.361155,    -1.348601,     0.000000 
   SYN1339,    -1.686540,    -1.348788,     0.000000 
   SYN1340,    -1.011924,    -1.348912,     0.000000 
   SYN1341,    -0.337308,    -1.348975,     0.000000 
   SYN1342,     0.337308,    -1.348975,     0.000000 
   SYN1343,     1.011924,    -1.348912,     0.000000 
   SYN1344,     1.686540,    -1.348788,     0.000000 
   SYN1345,     2.361155,    -1.348601,     0.000000 
   SYN1346,     3.035771,    -1.348351,     0.000000 
   SYN1347,     3.710387,    -1.348040,     0.000000 
   SYN1348,     4.385002,    -1.347666,     0.000000 
   SYN1349,     5.059618,    -1.347230,     0.000000 
   SYN1350,     5.734233,    -1.346732,     0.000000 
   SYN1351,     6.408848,    -1.346172,     0.000000 
   SYN1352,     7.083463,    -1.345549,     0.000000 
   SYN1353,    -7.082484,    -0.672775,     0.000000 
   SYN1354,    -6.407962,    -0.673086,     0.000000 
   SYN1355,    -5.733440,    -0.673366,     0.000000 
   SYN1356,    -5.058917,    -0.673615,     0.000000 
   SYN1357,    -4.384395,    -0.673833,     0.000000 
   SYN1358,    -3.709873,    -0.674020,     0.000000 
   SYN1359,    -3.035351,    -0.674176,     0.000000 
   SYN1360,    -2.360828,    -0.674300,     0.000000 
   SYN1361,    -1.686306,    -0.674394,     0.000000 
   SYN1362,    -1.011784,    -0.674456,     0.000000 
   SYN1363,    -0.337261,    -0.674487,     0.000000 
   SYN1364,     0.337261,    -0.674487,     0.000000 
   SYN1365,     1.011784,    -0.674456,     0.000000 
   SYN1366,     1.686306,    -0.674394,     0.000000 
   SYN1367,     2.360828,    -0.674300,     0.000000 
   SYN1368,     3.035351,    -0.674176,     0.000000 
   SYN1369,     3.709873,    -0.674020,     0.000000 
   SYN1370,     4.384395,    -0.673833,     0.000000 
   SYN1371,     5.058917,    -0.673615,     0.000000 
   SYN1372,     5.733440,    -0.673366,     0.000000 
   SYN1373,     6.407962,    -0.673086,     0.000000 
   SYN1374,     7.082484,    -0.672775,     0.000000 
   SYN1375,    -7.082158,     0.000000,     0.000000 
   SYN1376,    -6.407666,     0.000000,     0.000000 
   SYN1377,    -5.733175,     0.000000,     0.000000 
   SYN1378,    -5.058684,     0.000000,     0.000000 
   SYN1379,    -4.384193,     0.000000,     0.000000 
   SYN1380,    -3.709702,     0.000000,     0.000000 
   SYN1381,    -3.035210,     0.000000,     0.000000 
   SYN1382,    -2.360719,     0.000000,     0.000000 
   SYN1383,    -1.686228,     0.000000,     0.000000 
   SYN1384,    -1.011737,     0.000000,     0.000000 
   SYN1385,    -0.337246,     0.000000,     0.000000 
   SYN1386,     0.337246,     0.000000,     0.000000 
   SYN1387,     1.011737,     0.000000,     0.000000 
   SYN1388,     1.686228,     0.000000,     0.000000 
   SYN1389,     2.360719,     0.000000,     0.000000 
   SYN1390,     3.035210,     0.000000,     0.000000 
   SYN1391,     3.709702,     0.000000,     0.000000 
   SYN1392,     4.384193,     0.000000,     0.000000 
   SYN1393,     5.058684,     0.000000,     0.000000 
   SYN1394,     5.733175,     0.000000,     0.000000 
   SYN1395,     6.407666,     0.000000,     0.000000 
   SYN1396,     7.082158,     0.000000,     0.000000 
   SYN1397,    -7.082484,     0.672775,     0.000000 
   SYN1398,    -6.407962,     0.673086,     0.000000 
   SYN1399,    -5.733440,     0.673366,     0.000000 
   SYN1400,    -5.058917,     0.673615,     0.000000 
   SYN1401,    -4.384395,     0.673833,     0.000000 
   SYN1402,    -3.709873,     0.674020,     0.000000 
   SYN1403,    -3.035351,     0.674176,     0.000000 
   SYN1404,    -2.360828,     0.674300,     0.000000 
   SYN1405,    -1.686306,     0.674394,     0.000000 
   SYN1406,    -1.011784,     0.674456,     0.000000 
   SYN1407,    -0.337261,     0.674487,     0.000000 
   SYN1408,     0.337261,     0.674487,     0.000000 
   SYN1409,     1.011784,     0.674456,     0.000000 
   SYN1410,     1.686306,     0.674394,     0.000000 
   SYN1411,     2.360828,     0.674300,     0.000000 
   SYN1412,     3.035351,     0.674176,     0.000000 
   SYN1413,     3.709873,     0.674020,     0.000000 
   SYN1414,     4.384395,     0.673833,     0.000000 
   SYN1415,     5.058917,     0.673615,     0.000000 
   SYN1416,     5.733440,     0.673366,     0.000000 
   SYN1417,     6.407962,     0.673086,     0.000000 
   SYN1418,     7.082484,     0.672775,     0.000000 
   SYN1419,    -7.083463,     1.345549,     0.000000 
   SYN1420,    -6.408848,     1.346172,     0.000000 
   SYN1421,    -5.734233,     1.346732,     0.000000 
   SYN1422,    -5.059618,     1.347230,     0.000000 
   SYN1423,    -4.385002,     1.347666,     0.000000 
   SYN1424,    -3.710387,     1.348040,     0.000000 
   SYN1425,    -3.035771,     1.348351,     0.000000 
   SYN1426,    -2.361155,     1.348601,     0.000000 
   SYN1427,    -1.686540,     1.348788,     0.000000 
   SYN1428,    -1.011924,     1.348912,     0.000000 
   SYN1429,    -0.337308,     1.348975,     0.000000 
   SYN1430,     0.337308,     1.348975,     0.000000 
   SYN1431,     1.011924,     1.348912,     0.000000 
   SYN1432,     1.686540,     1.348788,     0.000000 
   SYN1433,     2.361155,     1.348601,     0.000000 
   SYN1434,     3.035771,     1.348351,     0.000000 
   SYN1435,     3.710387,     1.348040,     0.000000 
   SYN1436,     4.385002,     1.347666,     0.000000 
   SYN1437,     5.059618,     1.347230,     0.000000 
   SYN1438,     5.734233,     1.346732,     0.000000 
   SYN1439,     6.408848,     1.346172,     0.000000 
   SYN1440,     7.083463,     1.345549,     0.000000 
   SYN1441,    -7.085095,     2.018322,     0.000000 
   SYN1442,    -6.410325,     2.019256,     0.000000 
   SYN1443,    -5.735555,     2.020097,     0.000000 
   SYN1444,    -5.060785,     2.020844,     0.000000 
   SYN1445,    -4.386014,     2.021499,     0.000000 
   SYN1446,    -3.711243,     2.022059,     0.000000 
   SYN1447,    -3.036472,     2.022527,     0.000000 
   SYN1448,    -2.361701,     2.022901,     0.000000 
   SYN1449,    -1.686929,     2.023181,     0.000000 
   SYN1450,    -1.012158,     2.023368,     0.000000 
   SYN1451,    -0.337386,     2.023462,     0.000000 
   SYN1452,     0.337386,     2.023462,     0.000000 
   SYN1453,     1.012158,     2.023368,     0.000000 
   SYN1454,     1.686929,     2.023181,     0.000000 
   SYN1455,     2.361701,     2.022901,     0.000000 
   SYN1456,     3.036472,     2.022527,     0.000000 
   SYN1457,     3.711243,     2.022059,     0.000000 
   SYN1458,     4.386014,     2.021499,     0.000000 
   SYN1459,     5.060785,     2.020844,     0.000000 
   SYN1460,     5.735555,     2.020097,     0.000000 
   SYN1461,     6.410325,     2.019256,     0.000000 
   SYN1462,     7.085095,     2.018322,     0.000000 
   SYN1463,    -7.087381,     2.691094,     0.000000 
   SYN1464,    -6.412395,     2.692339,     0.000000 
   SYN1465,    -5.737408,     2.693461,     0.000000 
   SYN1466,    -5.062420,     2.694458,     0.000000 
   SYN1467,    -4.387432,     2.695330,     0.000000 
   SYN1468,    -3.712444,     2.696079,     0.000000 
   SYN1469,    -3.037454,     2.696702,     0.000000 
   SYN1470,    -2.362465,     2.697201,     0.000000 
   SYN1471,    -1.687475,     2.697575,     0.000000 
   SYN1472,    -1.012485,     2.697824,     0.000000 
   SYN1473,    -0.337495,     2.697949,     0.000000 
   SYN1474,     0.337495,     2.697949,     0.000000 
   SYN1475,     1.012485,     2.697824,     0.000000 
   SYN1476,     1.687475,     2.697575,     0.000000 
   SYN1477,     2.362465,     2.697201,     0.000000 
   SYN1478,     3.037454,     2.696702,     0.000000 
   SYN1479,     3.712444,     2.696079,     0.000000 
   SYN1480,     4.387432,     2.695330,     0.000000 
   SYN1481,     5.062420,     2.694458,     0.000000 
   SYN1482,     5.737408,     2.693461,     0.000000 
   SYN1483,     6.412395,     2.692339,     0.000000 
   SYN1484,     7.087381,     2.691094,     0.000000 
   SYN1485,    -7.090323,     3.363863,     0.000000 
   SYN1486,    -6.415058,     3.365421,     0.000000 
   SYN1487,    -5.739792,     3.366823,     0.000000 
   SYN1488,    -5.064525,     3.368070,     0.000000 
   SYN1489,    -4.389257,     3.369161,     0.000000 
   SYN1490,    -3.713988,     3.370097,     0.000000 
   SYN1491,    -3.038719,     3.370877,     0.000000 
   SYN1492,    -2.363448,     3.371501,     0.000000 
   SYN1493,    -1.688178,     3.371969,     0.000000 
   SYN1494,    -1.012907,     3.372281,     0.000000 
   SYN1495,    -0.337636,     3.372437,     0.000000 
   SYN1496,     0.337636,     3.372437,     0.000000 
   SYN1497,     1.012907,     3.372281,     0.000000 
   SYN1498,     1.688178,     3.371969,     0.000000 
   SYN1499,     2.363448,     3.371501,     0.000000 
   SYN1500,     3.038719,     3.370877,     0.000000 
   SYN1501,     3.713988,     3.370097,     0.000000 
   SYN1502,     4.389257,     3.369161,     0.000000 
   SYN1503,     5.064525,     3.368070,     0.000000 
   SYN1504,     5.739792,     3.366823,     0.000000 
   SYN1505,     6.415058,     3.365421,     0.000000 
   SYN1506,     7.090323,     3.363863,     0.000000 
   SYN1507,    -7.093923,     4.036629,     0.000000 
   SYN1508,    -6.418317,     4.038500,     0.000000 
   SYN1509,    -5.742709,     4.040184,     0.000000 
   SYN1510,    -5.067100,     4.041681,     0.000000 
   SYN1511,    -4.391490,     4.042991,     0.000000 
   SYN1512,    -3.715878,     4.044115,     0.000000 
   SYN1513,    -3.040265,     4.045051,     0.000000 
   SYN1514,    -2.364652,     4.045800,     0.000000 
   SYN1515,    -1.689037,     4.046362,     0.000000 
   SYN1516,    -1.013423,     4.046736,     0.000000 
   SYN1517,    -0.337808,     4.046924,     0.000000 
   SYN1518,     0.337808,     4.046924,     0.000000 
   SYN1519,     1.013423,     4.046736,     0.000000 
   SYN1520,     1.689037,     4.046362,     0.000000 
   SYN1521,     2.364652,     4.045800,     0.000000 
   SYN1522,     3.040265,     4.045051,     0.000000 
   SYN1523,     3.715878,     4.044115,     0.000000 
   SYN1524,     4.391490,     4.042991,     0.000000 
   SYN1525,     5.067100,     4.041681,     0.000000 
   SYN1526,     5.742709,     4.040184,     0.000000 
   SYN1527,     6.418317,     4.038500,     0.000000 
   SYN1528,     7.093923,     4.036629,     0.000000 
   SYN1529,    -7.098183,     4.709392,     0.000000 
   SYN1530,    -6.422173,     4.711576,     0.000000 
   SYN1531,    -5.746161,     4.713542,     0.000000 
   SYN1532,    -5.070148,     4.715290,     0.000000 
   SYN1533,    -4.394132,     4.716820,     0.000000 
   SYN1534,    -3.718114,     4.718131,     0.000000 
   SYN1535,    -3.042095,     4.719224,     0.000000 
   SYN1536,    -2.366075,     4.720099,     0.000000 
   SYN1537,    -1.690055,     4.720755,     0.000000 
   SYN1538,    -1.014033,     4.721192,     0.000000 
   SYN1539,    -0.338011,     4.721411,     0.000000 
   SYN1540,     0.338011,     4.721411,     0.000000 
   SYN1541,     1.014033,     4.721192,     0.000000 
   SYN1542,     1.690055,     4.720755,     0.000000 
   SYN1543,     2.366075,     4.720099,     0.000000 
   SYN1544,     3.042095,     4.719224,     0.000000 
   SYN1545,     3.718114,     4.718131,     0.000000 
   SYN1546,     4.394132,     4.716820,     0.000000 
   SYN1547,     5.070148,     4.715290,     0.000000 
   SYN1548,     5.746161,     4.713542,     0.000000 
   SYN1549,     6.422173,     4.711576,     0.000000 
   SYN1550,     7.098183,     4.709392,     0.000000 
   SYN1551,    -7.103105,     5.382151,     0.000000 
   SYN1552,    -6.426630,     5.384649,     0.000000 
   SYN1553,    -5.750151,     5.386898,     0.000000 
   SYN1554,    -5.073669,     5.388897,     0.000000 
   SYN1555,    -4.397185,     5.390647,     0.000000 
   SYN1556,    -3.720699,     5.392147,     0.000000 
   SYN1557,    -3.044211,     5.393397,     0.000000 
   SYN1558,    -2.367721,     5.394398,     0.000000 
   SYN1559,    -1.691230,     5.395148,     0.000000 
   SYN1560,    -1.014738,     5.395648,     0.000000 
   SYN1561,    -0.338246,     5.395898,     0.000000 
   SYN1562,     0.338246,     5.395898,     0.000000 
   SYN1563,     1.014738,     5.395648,     0.000000 
   SYN1564,     1.691230,     5.395148,     0.000000 
   SYN1565,     2.367721,     5.394398,     0.000000 
   SYN1566,     3.044211,     5.393397,     0.000000 
   SYN1567,     3.720699,     5.392147,     0.000000 
   SYN1568,     4.397185,     5.390647,     0.000000 
   SYN1569,     5.073669,     5.388897,     0.000000 
   SYN1570,     5.750151,     5.386898,     0.000000 
   SYN1571,     6.426630,     5.384649,     0.000000 
   SYN1572,     7.103105,     5.382151,     0.000000 
   SYN1573,    -7.108695,     6.054905,     0.000000 
   SYN1574,    -6.431690,     6.057718,     0.000000 
   SYN1575,    -5.754680,     6.060250,     0.000000 
   SYN1576,    -5.077668,     6.062502,     0.000000 
   SYN1577,    -4.400652,     6.064472,     0.000000 
   SYN1578,    -3.723633,     6.066161,     0.000000 
   SYN1579,    -3.046612,     6.067569,     0.000000 
   SYN1580,    -2.369589,     6.068696,     0.000000 
   SYN1581,    -1.692565,     6.069541,     0.000000 
   SYN1582,    -1.015539,     6.070104,     0.000000 
   SYN1583,    -0.338513,     6.070386,     0.000000 
   SYN1584,     0.338513,     6.070386,     0.000000 
   SYN1585,     1.015539,     6.070104,     0.000000 
   SYN1586,     1.692565,     6.069541,     0.000000 
   SYN1587,     2.369589,     6.068696,     0.000000 
   SYN1588,     3.046612,     6.067569,     0.000000 
   SYN1589,     3.723633,     6.066161,     0.000000 
   SYN1590,     4.400652,     6.064472,     0.000000 
   SYN1591,     5.077668,     6.062502,     0.000000 
   SYN1592,     5.754680,     6.060250,     0.000000 
   SYN1593,     6.431690,     6.057718,     0.000000 
   SYN1594,     7.108695,     6.054905,     0.000000 
   SYN1595,    -7.114954,     6.727654,     0.000000 
   SYN1596,    -6.437356,     6.730783,     0.000000 
   SYN1597,    -5.759753,     6.733599,     0.000000 
   SYN1598,    -5.082145,     6.736104,     0.000000 
   SYN1599,    -4.404534,     6.738295,     0.000000 
   SYN1600,    -3.726919,     6.740174,     0.000000 
   SYN1601,    -3.049301,     6.741740,     0.000000 
   SYN1602,    -2.371681,     6.742993,     0.000000 
   SYN1603,    -1.694059,     6.743933,     0.000000 
   SYN1604,    -1.016436,     6.744560,     0.000000 
   SYN1605,    -0.338812,     6.744873,     0.000000 
   SYN1606,     0.338812,     6.744873,     0.000000 
   SYN1607,     1.016436,     6.744560,     0.000000 
   SYN1608,     1.694059,     6.743933,     0.000000 
   SYN1609,     2.371681,     6.742993,     0.000000 
   SYN1610,     3.049301,     6.741740,     0.000000 
   SYN1611,     3.726919,     6.740174,     0.000000 
   SYN1612,     4.404534,     6.738295,     0.000000 
   SYN1613,     5.082145,     6.736104,     0.000000 
   SYN1614,     5.759753,     6.733599,     0.000000 
   SYN1615,     6.437356,     6.730783,     0.000000 
   SYN1616,     7.114954,     6.727654,     0.000000 
   SYN1617,    -7.121887,     7.400397,     0.000000 
   SYN1618,    -6.443632,     7.403843,     0.000000 
   SYN1619,    -5.765372,     7.406945,     0.000000 
   SYN1620,    -5.087105,     7.409703,     0.000000 
   SYN1621,    -4.408834,     7.412116,     0.000000 
   SYN1622,    -3.730559,     7.414186,     0.000000 
   SYN1623,    -3.052281,     7.415910,     0.000000 
   SYN1624,    -2.373999,     7.417290,     0.000000 
   SYN1625,    -1.695715,     7.418325,     0.000000 
   SYN1626,    -1.017430,     7.419015,     0.000000 
   SYN1627,    -0.339143,     7.419360,     0.000000 
   SYN1628,     0.339143,     7.419360,     0.000000 
   SYN1629,     1.017430,     7.419015,     0.000000 
   SYN1630,     1.695715,     7.418325,     0.000000 
   SYN1631,     2.373999,     7.417290,     0.000000 
   SYN1632,     3.052281,     7.415910,     0.000000 
   SYN1633,     3.730559,     7.414186,     0.000000 
   SYN1634,     4.408834,     7.412116,     0.000000 
   SYN1635,     5.087105,     7.409703,     0.000000 
   SYN1636,     5.765372,     7.406945,     0.000000 
   SYN1637,     6.443632,     7.403843,     0.000000 
   SYN1638,     7.121887,     7.400397,     0.000000 
   SYN1639,    -7.129500,     8.073134,     0.000000 
   SYN1640,    -6.450524,     8.076898,     0.000000 
   SYN1641,    -5.771541,     8.080286,     0.000000 
   SYN1642,    -5.092551,     8.083298,     0.000000 
   SYN1643,    -4.413556,     8.085935,     0.000000 
   SYN1644,    -3.734556,     8.088195,     0.000000 
   SYN1645,    -3.055551,     8.090079,     0.000000 
   SYN1646,    -2.376543,     8.091586,     0.000000 
   SYN1647,    -1.697533,     8.092717,     0.000000 
   SYN1648,    -1.018521,     8.093470,     0.000000 
   SYN1649,    -0.339507,     8.093847,     0.000000 
   SYN1650,     0.339507,     8.093847,     0.000000 
   SYN1651,     1.018521,     8.093470,     0.000000 
   SYN1652,     1.697533,     8.092717,     0.000000 
   SYN1653,     2.376543,     8.091586,     0.000000 
   SYN1654,     3.055551,     8.090079,     0.000000 
   SYN1655,     3.734556,     8.088195,     0.000000 
   SYN1656,     4.413556,     8.085935,     0.000000 
   SYN1657,     5.092551,     8.083298,     0.000000 
   SYN1658,     5.771541,     8.080286,     0.000000 
   SYN1659,     6.450524,     8.076898,     0.000000 
   SYN1660,     7.129500,     8.073134,     0.000000 
   SYN1661,    -7.137796,     8.745864,     0.000000 
   SYN1662,    -6.458034,     8.749947,     0.000000 
   SYN1663,    -5.778264,     8.753623,     0.000000 
   SYN1664,    -5.098486,     8.756891,     0.000000 
   SYN1665,    -4.418702,     8.759751,     0.000000 
   SYN1666,    -3.738911,     8.762203,     0.000000 
   SYN1667,    -3.059116,     8.764246,     0.000000 
   SYN1668,    -2.379317,     8.765882,     0.000000 
   SYN1669,    -1.699514,     8.767108,     0.000000 
   SYN1670,    -1.019709,     8.767926,     0.000000 
   SYN1671,    -0.339903,     8.768335,     0.000000 
   SYN1672,     0.339903,     8.768335,     0.000000 
   SYN1673,     1.019709,     8.767926,     0.000000 
   SYN1674,     1.699514,     8.767108,     0.000000 
   SYN1675,     2.379317,     8.765882,     0.000000 
   SYN1676,     3.059116,     8.764246,     0.000000 
   SYN1677,     3.738911,     8.762203,     0.000000 
   SYN1678,     4.418702,     8.759751,     0.000000 
   SYN1679,     5.098486,     8.756891,     0.000000 
   SYN1680,     5.778264,     8.753623,     0.000000 
   SYN1681,     6.458034,     8.749947,     0.000000 
   SYN1682,     7.137796,     8.745864,     0.000000 
   SYN1683,    -7.146782,     9.418586,     0.000000 
   SYN1684,    -6.466169,     9.422990,     0.000000 
   SYN1685,    -5.785546,     9.426954,     0.000000 
   SYN1686,    -5.104915,     9.430479,     0.000000 
   SYN1687,    -4.424275,     9.433564,     0.000000 
   SYN1688,    -3.743629,     9.436208,     0.000000 
   SYN1689,    -3.062977,     9.438412,     0.000000 
   SYN1690,    -2.382321,     9.440176,     0.000000 
   SYN1691,    -1.701660,     9.441499,     0.000000 
   SYN1692,    -1.020997,     9.442381,     0.000000 
   SYN1693,    -0.340333,     9.442822,     0.000000 
   SYN1694,     0.340333,     9.442822,     0.000000 
   SYN1695,     1.020997,     9.442381,     0.000000 
   SYN1696,     1.701660,     9.441499,     0.000000 
   SYN1697,     2.382321,     9.440176,     0.000000 
   SYN1698,     3.062977,     9.438412,     0.000000 
   SYN1699,     3.743629,     9.436208,     0.000000 
   SYN1700,     4.424275,     9.433564,     0.000000 
   SYN1701,     5.104915,     9.430479,     0.000000 
   SYN1702,     5.785546,     9.426954,     0.000000 
   SYN1703,     6.466169,     9.422990,     0.000000 
   SYN1704,     7.146782,     9.418586,     0.000000 
   SYN1705,    -7.156464,    10.091300,     0.000000 
   SYN1706,    -6.474934,    10.096026,     0.000000 
   SYN1707,    -5.793393,    10.100280,     0.000000 
   SYN1708,    -5.111841,    10.104063,     0.000000 
   SYN1709,    -4.430281,    10.107373,     0.000000 
   SYN1710,    -3.748712,    10.110212,     0.000000 
   SYN1711,    -3.067137,    10.112577,     0.000000 
   SYN1712,    -2.385557,    10.114470,     0.000000 
   SYN1713,    -1.703972,    10.115889,     0.000000 
   SYN1714,    -1.022385,    10.116836,     0.000000 
   SYN1715,    -0.340795,    10.117309,     0.000000 
   SYN1716,     0.340795,    10.117309,     0.000000 
   SYN1717,     1.022385,    10.116836,     0.000000 
   SYN1718,     1.703972,    10.115889,     0.000000 
   SYN1719,     2.385557,    10.114470,     0.000000 
   SYN1720,     3.067137,    10.112577,     0.000000 
   SYN1721,     3.748712,    10.110212,     0.000000 
   SYN1722,     4.430281,    10.107373,     0.000000 
   SYN1723,     5.111841,    10.104063,     0.000000 
   SYN1724,     5.793393,    10.100280,     0.000000 
   SYN1725,     6.474934,    10.096026,     0.000000 
   SYN1726,     7.156464,    10.091300,     0.000000 
   SYN1727,    -7.166848,    10.764005,     0.000000 
   SYN1728,    -6.484335,    10.769055,     0.000000 
   SYN1729,    -5.801808,    10.773601,     0.000000 
   SYN1730,    -5.119270,    10.777642,     0.000000 
   SYN1731,    -4.436722,    10.781180,     0.000000 
   SYN1732,    -3.754165,    10.784212,     0.000000 
   SYN1733,    -3.071600,    10.786740,     0.000000 
   SYN1734,    -2.389028,    10.788762,     0.000000 
   SYN1735,    -1.706452,    10.790279,     0.000000 
   SYN1736,    -1.023873,    10.791290,     0.000000 
   SYN1737,    -0.341291,    10.791796,     0.000000 
   SYN1738,     0.341291,    10.791796,     0.000000 
   SYN1739,     1.023873,    10.791290,     0.000000 
   SYN1740,     1.706452,    10.790279,     0.000000 
   SYN1741,     2.389028,    10.788762,     0.000000 
   SYN1742,     3.071600,    10.786740,     0.000000 
   SYN1743,     3.754165,    10.784212,     0.000000 
   SYN1744,     4.436722,    10.781180,     0.000000 
   SYN1745,     5.119270,    10.777642,     0.000000 
   SYN1746,     5.801808,    10.773601,     0.000000 
   SYN1747,     6.484335,    10.769055,     0.000000 
   SYN1748,     7.166848,    10.764005,     0.000000 
   SYN1749,    -7.177941,    11.436701,     0.000000 
   SYN1750,    -6.494378,    11.442076,     0.000000 
   SYN1751,    -5.810799,    11.446915,     0.000000 
   SYN1752,    -5.127207,    11.451217,     0.000000 
   SYN1753,    -4.443603,    11.454982,     0.000000 
   SYN1754,    -3.759989,    11.458210,     0.000000 
   SYN1755,    -3.076367,    11.460901,     0.000000 
   SYN1756,    -2.392737,    11.463054,     0.000000 
   SYN1757,    -1.709102,    11.464668,     0.000000 
   SYN1758,    -1.025463,    11.465745,     0.000000 
   SYN1759,    -0.341821,    11.466283,     0.000000 
   SYN1760,     0.341821,    11.466283,     0.000000 
   SYN1761,     1.025463,    11.465745,     0.000000 
   SYN1762,     1.709102,    11.464668,     0.000000 
   SYN1763,     2.392737,    11.463054,     0.000000 
   SYN1764,     3.076367,    11.460901,     0.000000 
   SYN1765,     3.759989,    11.458210,     0.000000 
   SYN1766,     4.443603,    11.454982,     0.000000 
   SYN1767,     5.127207,    11.451217,     0.000000 
   SYN1768,     5.810799,    11.446915,     0.000000 
   SYN1769,     6.494378,    11.442076,     0.000000 
   SYN1770,     7.177941,    11.436701,     0.000000 
